CRN,URL,Course,Title,Instructors,Course Meeting,Credits
30033,/courses/!SWKSCAT.cat?p_action=COURSE&p_term=201430&p_crn=30033,ANTH 201,INTRO TO SOCIAL/CULTURAL ANTH,"Mitchell, Beverly M.",1:00PM - 3:20PM TWR SEW 562,3
30034,/courses/!SWKSCAT.cat?p_action=COURSE&p_term=201430&p_crn=30034,ANTH 329,"BODIES, SENSUALITIES, & ART","Dib, Lina",1:00PM - 3:30PM MTWRF SEW 560,3
30156,/courses/!SWKSCAT.cat?p_action=COURSE&p_term=201430&p_crn=30156,ANTH 386,"MEDICINE, FOOD, AND HEALTH","Mitchell, Beverly M.",5:30PM - 7:50PM TWR SEW 562,3
30001,/courses/!SWKSCAT.cat?p_action=COURSE&p_term=201430&p_crn=30001,ANTH 800,RESEARCH AND THESIS,"Faubion, Jim", TBA TBA,3 TO 9
30203,/courses/!SWKSCAT.cat?p_action=COURSE&p_term=201430&p_crn=30203,APPL 490,UNDERGRAD SUMMER RESEARCH-REU,"Pimpinelli, Alberto F.", TBA TBA,1 TO 6
30182,/courses/!SWKSCAT.cat?p_action=COURSE&p_term=201430&p_crn=30182,APPL 800,RESEARCH AND THESIS,, TBA TBA,1 TO 15
30217,/courses/!SWKSCAT.cat?p_action=COURSE&p_term=201430&p_crn=30217,ARCH 700,PRACTICUM,, TBA TBA,3
30002,/courses/!SWKSCAT.cat?p_action=COURSE&p_term=201430&p_crn=30002,ARCH 711,SPECIAL PROJECTS,"Wittenberg, Gordon G.", TBA TBA,1 TO 9
30163,/courses/!SWKSCAT.cat?p_action=COURSE&p_term=201430&p_crn=30163,ARTS 432,FILM GENRE: THE WESTERN,"Huberman, Brian M.",7:00PM - 10:30PM TR MED 100,3
30112,/courses/!SWKSCAT.cat?p_action=COURSE&p_term=201430&p_crn=30112,BIOC 201,INTRODUCTORY BIOLOGY,"Eich, Elizabeth A.",1:00PM - 3:00PM MTWRF GRB W211,3
30114,/courses/!SWKSCAT.cat?p_action=COURSE&p_term=201430&p_crn=30114,BIOC 211,EXPERIMENTAL BIOSCIENCES,"Beason-Abmayr, Beth","1:00PM - 3:00PM T ABL B3
1:00PM - 5:00PM WR ABL B6",2
30226,/courses/!SWKSCAT.cat?p_action=COURSE&p_term=201430&p_crn=30226,BIOC 216,DISCUSSION SECTION TEACHING,"Matthews, Kathleen S.", TBA TBA,1
30038,/courses/!SWKSCAT.cat?p_action=COURSE&p_term=201430&p_crn=30038,BIOC 300,PARADIGMS IN BIOCHM & CELL BIO,"Matthews, Kathleen S.", TBA TBA,3
30197,/courses/!SWKSCAT.cat?p_action=COURSE&p_term=201430&p_crn=30197,BIOC 310,IND RES FOR BIOC UNDERGRADS,"Cates, Susan", TBA TBA,1 TO 4
30198,/courses/!SWKSCAT.cat?p_action=COURSE&p_term=201430&p_crn=30198,BIOC 310,IND RES FOR BIOC UNDERGRADS,"Beckingham, Kathleen M.", TBA TBA,1 TO 4
30212,/courses/!SWKSCAT.cat?p_action=COURSE&p_term=201430&p_crn=30212,BIOC 310,IND RES FOR BIOC UNDERGRADS,"Braam, Janet", TBA TBA,1 TO 4
30199,/courses/!SWKSCAT.cat?p_action=COURSE&p_term=201430&p_crn=30199,BIOC 310,IND RES FOR BIOC UNDERGRADS,"Papadopoulos, Pamela C.", TBA TBA,1 TO 4
30200,/courses/!SWKSCAT.cat?p_action=COURSE&p_term=201430&p_crn=30200,BIOC 310,IND RES FOR BIOC UNDERGRADS,"Gustin, Michael", TBA TBA,1 TO 4
30201,/courses/!SWKSCAT.cat?p_action=COURSE&p_term=201430&p_crn=30201,BIOC 310,IND RES FOR BIOC UNDERGRADS,"Silberg, Joff", TBA TBA,1 TO 4
30219,/courses/!SWKSCAT.cat?p_action=COURSE&p_term=201430&p_crn=30219,BIOC 310,IND RES FOR BIOC UNDERGRADS,"Wagner, Daniel S.", TBA TBA,1 TO 4
30202,/courses/!SWKSCAT.cat?p_action=COURSE&p_term=201430&p_crn=30202,BIOC 310,IND RES FOR BIOC UNDERGRADS,"Zhong, Weiwei", TBA TBA,1 TO 4
30111,/courses/!SWKSCAT.cat?p_action=COURSE&p_term=201430&p_crn=30111,BIOC 341,CELL BIOLOGY,"Villares, Gabriel J.",10:30AM - 12:30PM MTWRF KCK 101,3
30116,/courses/!SWKSCAT.cat?p_action=COURSE&p_term=201430&p_crn=30116,BIOC 587,SEM 1ST YR BIOCHEM-CELL BIOL,"Eich, Elizabeth A.",9:00AM - 12:00PM R HNZ 207,3
30178,/courses/!SWKSCAT.cat?p_action=COURSE&p_term=201430&p_crn=30178,BIOC 777,VISITING RESEARCH TRAINEE,, TBA TBA,0
30131,/courses/!SWKSCAT.cat?p_action=COURSE&p_term=201430&p_crn=30131,BIOC 800,BCB GRADUATE RESEARCH,"Bartel, Bonnie", TBA TBA,1 TO 15
30139,/courses/!SWKSCAT.cat?p_action=COURSE&p_term=201430&p_crn=30139,BIOC 800,BCB GRADUATE RESEARCH,"Beckingham, Kathleen M.", TBA TBA,1 TO 15
30140,/courses/!SWKSCAT.cat?p_action=COURSE&p_term=201430&p_crn=30140,BIOC 800,BCB GRADUATE RESEARCH,"Bennett, Matthew", TBA TBA,1 TO 15
30141,/courses/!SWKSCAT.cat?p_action=COURSE&p_term=201430&p_crn=30141,BIOC 800,BCB GRADUATE RESEARCH,"Braam, Janet", TBA TBA,1 TO 15
30142,/courses/!SWKSCAT.cat?p_action=COURSE&p_term=201430&p_crn=30142,BIOC 800,BCB GRADUATE RESEARCH,"Carson, Daniel D.", TBA TBA,1 TO 15
30143,/courses/!SWKSCAT.cat?p_action=COURSE&p_term=201430&p_crn=30143,BIOC 800,BCB GRADUATE RESEARCH,"Farach-Carson, Cindy", TBA TBA,1 TO 15
30144,/courses/!SWKSCAT.cat?p_action=COURSE&p_term=201430&p_crn=30144,BIOC 800,BCB GRADUATE RESEARCH,"Gustin, Michael", TBA TBA,1 TO 15
30145,/courses/!SWKSCAT.cat?p_action=COURSE&p_term=201430&p_crn=30145,BIOC 800,BCB GRADUATE RESEARCH,"Lwigale, Peter Y.", TBA TBA,1 TO 15
30146,/courses/!SWKSCAT.cat?p_action=COURSE&p_term=201430&p_crn=30146,BIOC 800,BCB GRADUATE RESEARCH,"Matsuda, Seiichi P.", TBA TBA,1 TO 15
30221,/courses/!SWKSCAT.cat?p_action=COURSE&p_term=201430&p_crn=30221,BIOC 800,BCB GRADUATE RESEARCH,"McNew, James A.", TBA TBA,1 TO 15
30147,/courses/!SWKSCAT.cat?p_action=COURSE&p_term=201430&p_crn=30147,BIOC 800,BCB GRADUATE RESEARCH,"Phillips, George N.", TBA TBA,1 TO 15
30222,/courses/!SWKSCAT.cat?p_action=COURSE&p_term=201430&p_crn=30222,BIOC 800,BCB GRADUATE RESEARCH,"Segatori, Laura", TBA TBA,1 TO 15
30148,/courses/!SWKSCAT.cat?p_action=COURSE&p_term=201430&p_crn=30148,BIOC 800,BCB GRADUATE RESEARCH,"Shamoo, Yousif", TBA TBA,1 TO 15
30149,/courses/!SWKSCAT.cat?p_action=COURSE&p_term=201430&p_crn=30149,BIOC 800,BCB GRADUATE RESEARCH,"Silberg, Joff", TBA TBA,1 TO 15
30150,/courses/!SWKSCAT.cat?p_action=COURSE&p_term=201430&p_crn=30150,BIOC 800,BCB GRADUATE RESEARCH,"Stern, Michael", TBA TBA,1 TO 15
30151,/courses/!SWKSCAT.cat?p_action=COURSE&p_term=201430&p_crn=30151,BIOC 800,BCB GRADUATE RESEARCH,"Tao, Yizhi J.", TBA TBA,1 TO 15
30152,/courses/!SWKSCAT.cat?p_action=COURSE&p_term=201430&p_crn=30152,BIOC 800,BCB GRADUATE RESEARCH,"Wagner, Daniel S.", TBA TBA,1 TO 15
30153,/courses/!SWKSCAT.cat?p_action=COURSE&p_term=201430&p_crn=30153,BIOC 800,BCB GRADUATE RESEARCH,"Harrington, Daniel A.; Farach-Carson, Cindy", TBA TBA,1 TO 15
30154,/courses/!SWKSCAT.cat?p_action=COURSE&p_term=201430&p_crn=30154,BIOC 800,BCB GRADUATE RESEARCH,"Tao, Yizhi J.; Zhong, Weiwei", TBA TBA,1 TO 15
30220,/courses/!SWKSCAT.cat?p_action=COURSE&p_term=201430&p_crn=30220,BIOC 800,BCB GRADUATE RESEARCH,"Levine, Herbert; Farach-Carson, Cindy", TBA TBA,1 TO 15
30181,/courses/!SWKSCAT.cat?p_action=COURSE&p_term=201430&p_crn=30181,BIOE 342,LABORATORY IN TISSUE CULTURE,"Ghosn, Bilal",9:00AM - 4:00PM MTWF TBA TBA,1
30228,/courses/!SWKSCAT.cat?p_action=COURSE&p_term=201430&p_crn=30228,BIOE 401,UNDERGRADUATE RESEARCH,"Dickinson, Mary E.", TBA TBA,1 TO 4
30210,/courses/!SWKSCAT.cat?p_action=COURSE&p_term=201430&p_crn=30210,BIOE 500,GRADUATE RESEARCH,, TBA TBA,1 TO 15
30003,/courses/!SWKSCAT.cat?p_action=COURSE&p_term=201430&p_crn=30003,BIOE 501,GRADUATE RESEARCH,, TBA TBA,1 TO 6
30004,/courses/!SWKSCAT.cat?p_action=COURSE&p_term=201430&p_crn=30004,BIOE 506,GRADUATE INDEPENDENT STUDY,, TBA TBA,1 TO 6
30225,/courses/!SWKSCAT.cat?p_action=COURSE&p_term=201430&p_crn=30225,BIOE 777,VISITING RESEARCH TRAINEE,, TBA TBA,0
30174,/courses/!SWKSCAT.cat?p_action=COURSE&p_term=201430&p_crn=30174,BUSI 305,FINANCIAL ACCOUNTING,"Gaulin, Maclean P.",2:00PM - 3:45PM MTWR MCN 214,3
30175,/courses/!SWKSCAT.cat?p_action=COURSE&p_term=201430&p_crn=30175,BUSI 800,PHD RESEARCH,, TBA TBA,1 TO 12
30005,/courses/!SWKSCAT.cat?p_action=COURSE&p_term=201430&p_crn=30005,CAAM 591,INDEPENDENT STUDY,, TBA TBA,1 TO 15
30006,/courses/!SWKSCAT.cat?p_action=COURSE&p_term=201430&p_crn=30006,CAAM 777,VISITING RESEARCH TRAINEE,, TBA TBA,0
30007,/courses/!SWKSCAT.cat?p_action=COURSE&p_term=201430&p_crn=30007,CAAM 800,THESIS,, TBA TBA,1 TO 15
30009,/courses/!SWKSCAT.cat?p_action=COURSE&p_term=201430&p_crn=30009,CEVE 652,M.S. RESEARCH AND THESIS,, TBA TBA,1 TO 15
30010,/courses/!SWKSCAT.cat?p_action=COURSE&p_term=201430&p_crn=30010,CEVE 800,PH.D. RESEARCH AND THESIS,, TBA TBA,1 TO 15
30189,/courses/!SWKSCAT.cat?p_action=COURSE&p_term=201430&p_crn=30189,CHBE 499,UNDERGRADUATE RESEARCH,, TBA TBA,1 TO 6
30190,/courses/!SWKSCAT.cat?p_action=COURSE&p_term=201430&p_crn=30190,CHBE 600,MASTER CHEM ENGINEER RESEARCH,, TBA TBA,1 TO 12
30191,/courses/!SWKSCAT.cat?p_action=COURSE&p_term=201430&p_crn=30191,CHBE 700,M.S. RESEARCH AND THESIS,, TBA TBA,1 TO 15
30192,/courses/!SWKSCAT.cat?p_action=COURSE&p_term=201430&p_crn=30192,CHBE 800,GRADUATE RESEARCH,, TBA TBA,1 TO 15
30107,/courses/!SWKSCAT.cat?p_action=COURSE&p_term=201430&p_crn=30107,CHEM 211,ORGANIC CHEMISTRY I,"Yost, Julianne",10:00AM - 11:50AM MTWRF DBH 180,3
30108,/courses/!SWKSCAT.cat?p_action=COURSE&p_term=201430&p_crn=30108,CHEM 212,ORGANIC CHEMISTRY II,"Yost, Julianne",10:00AM - 12:05PM MTWR GRB W211,3
30185,/courses/!SWKSCAT.cat?p_action=COURSE&p_term=201430&p_crn=30185,CHEM 491,RESEARCH FOR UNDERGRADUATES,"Ball, Zachary T.", TBA TBA,1 TO 5
30183,/courses/!SWKSCAT.cat?p_action=COURSE&p_term=201430&p_crn=30183,CHEM 777,VISITING RESEARCH TRAINEE,, TBA TBA,0
30184,/courses/!SWKSCAT.cat?p_action=COURSE&p_term=201430&p_crn=30184,CHEM 800,GRADUATE RESEARCH,"Pasquali, Matteo", TBA TBA,1 TO 15
30155,/courses/!SWKSCAT.cat?p_action=COURSE&p_term=201430&p_crn=30155,COMM 300,COMMUNICATION IN DIGITAL AGE,"Messmer, David K.",1:00PM - 2:50PM MTWR GRB W212,3
30186,/courses/!SWKSCAT.cat?p_action=COURSE&p_term=201430&p_crn=30186,COMP 590,COMPUTER SCIENCE PROJECTS,, TBA TBA,1 TO 4
30187,/courses/!SWKSCAT.cat?p_action=COURSE&p_term=201430&p_crn=30187,COMP 690,RESEARCH AND THESIS,, TBA TBA,1 TO 12
30188,/courses/!SWKSCAT.cat?p_action=COURSE&p_term=201430&p_crn=30188,COMP 800,GRADUATE RESEARCH,, TBA TBA,1 TO 15
30130,/courses/!SWKSCAT.cat?p_action=COURSE&p_term=201430&p_crn=30130,EBIO 319,TROPICAL FIELD BIOLOGY,"Solomon, Scott E.; Simoes Correa, Adrienne M.", TBA TBA,1
30133,/courses/!SWKSCAT.cat?p_action=COURSE&p_term=201430&p_crn=30133,EBIO 801,EEB GRADUATE RESEARCH,"Dunham, Amy E.", TBA TBA,1 TO 15
30134,/courses/!SWKSCAT.cat?p_action=COURSE&p_term=201430&p_crn=30134,EBIO 801,EEB GRADUATE RESEARCH,"Kohn, Michael", TBA TBA,1 TO 15
30135,/courses/!SWKSCAT.cat?p_action=COURSE&p_term=201430&p_crn=30135,EBIO 801,EEB GRADUATE RESEARCH,"Miller, Thomas E.", TBA TBA,1 TO 15
30136,/courses/!SWKSCAT.cat?p_action=COURSE&p_term=201430&p_crn=30136,EBIO 801,EEB GRADUATE RESEARCH,"Putnam, Nik", TBA TBA,1 TO 15
30137,/courses/!SWKSCAT.cat?p_action=COURSE&p_term=201430&p_crn=30137,EBIO 801,EEB GRADUATE RESEARCH,"Rudolf, Volker", TBA TBA,1 TO 15
30138,/courses/!SWKSCAT.cat?p_action=COURSE&p_term=201430&p_crn=30138,EBIO 801,EEB GRADUATE RESEARCH,"Siemann, Evan H.", TBA TBA,1 TO 15
30011,/courses/!SWKSCAT.cat?p_action=COURSE&p_term=201430&p_crn=30011,ECON 800,GRADUATE RESEARCH,, TBA TBA,1 TO 12
30160,/courses/!SWKSCAT.cat?p_action=COURSE&p_term=201430&p_crn=30160,EDUC 305,EDUCATIONAL PSYCHOLOGY,"Radigan, Judy A.",1:00PM - 4:30PM MF HBH 21,3
30161,/courses/!SWKSCAT.cat?p_action=COURSE&p_term=201430&p_crn=30161,EDUC 323,CREATIVE WRITING IN CLASSROOM,"Capo, Karen V.",9:00AM - 10:30AM MTWRF HBH 21,3
30158,/courses/!SWKSCAT.cat?p_action=COURSE&p_term=201430&p_crn=30158,EDUC 505,EDUCATIONAL PSYCHOLOGY,"Radigan, Judy A.",1:00PM - 4:30PM MF HBH 21,3
30159,/courses/!SWKSCAT.cat?p_action=COURSE&p_term=201430&p_crn=30159,EDUC 523,CREATIVE WRITING IN CLASSROOM,"Capo, Karen V.",9:00AM - 10:30AM MTWRF HBH 21,3
30173,/courses/!SWKSCAT.cat?p_action=COURSE&p_term=201430&p_crn=30173,ELEC 490,ENG'G RES PRO. NANO JAPAN,"Kono, Junichiro", TBA TBA,1 TO 6
30128,/courses/!SWKSCAT.cat?p_action=COURSE&p_term=201430&p_crn=30128,ELEC 590,GR NON-THESIS RES PROJECTS,, TBA TBA,1 TO 6
30129,/courses/!SWKSCAT.cat?p_action=COURSE&p_term=201430&p_crn=30129,ELEC 800,RESEARCH AND THESIS,, TBA TBA,1 TO 15
30045,/courses/!SWKSCAT.cat?p_action=COURSE&p_term=201430&p_crn=30045,ENGL 270,ASPECTS OF MODERN LITERATURE,"Richardson, Laura K.",1:00PM - 3:20PM MWR HUM 227,3
30170,/courses/!SWKSCAT.cat?p_action=COURSE&p_term=201430&p_crn=30170,ENGL 703,RESEARCH LEADING TO CANDIDACY,, TBA TBA,1 TO 9
30171,/courses/!SWKSCAT.cat?p_action=COURSE&p_term=201430&p_crn=30171,ENGL 704,RESEARCH LEADING TO CANDIDACY,, TBA TBA,1 TO 15
30172,/courses/!SWKSCAT.cat?p_action=COURSE&p_term=201430&p_crn=30172,ENGL 800,PHD RESEARCH AND THESIS,, TBA TBA,1 TO 9
30213,/courses/!SWKSCAT.cat?p_action=COURSE&p_term=201430&p_crn=30213,ESCI 491,SPECIAL STUDY FOR UNDERGRADS,, TBA TBA,1 TO 6
30207,/courses/!SWKSCAT.cat?p_action=COURSE&p_term=201430&p_crn=30207,ESCI 501,SPECIAL STUDIES GRAD STUDENTS,, TBA TBA,1 TO 15
30208,/courses/!SWKSCAT.cat?p_action=COURSE&p_term=201430&p_crn=30208,ESCI 800,THESIS RESEARCH,, TBA TBA,1 TO 15
30162,/courses/!SWKSCAT.cat?p_action=COURSE&p_term=201430&p_crn=30162,FILM 432,FILM GENRE: THE WESTERN,"Huberman, Brian M.",7:00PM - 10:30PM TR MED 100,3
30012,/courses/!SWKSCAT.cat?p_action=COURSE&p_term=201430&p_crn=30012,FREN 700,SUMMER GRADUATE RESEARCH,"Aresu, Bernard", TBA TBA,1 TO 12
30013,/courses/!SWKSCAT.cat?p_action=COURSE&p_term=201430&p_crn=30013,FREN 700,SUMMER GRADUATE RESEARCH,"Harter, Deborah A.", TBA TBA,1 TO 12
30229,/courses/!SWKSCAT.cat?p_action=COURSE&p_term=201430&p_crn=30229,HART 800,Ph.D. RESEARCH,, TBA TBA,1 TO 9
30014,/courses/!SWKSCAT.cat?p_action=COURSE&p_term=201430&p_crn=30014,HIST 800,PH.D. RESEARCH,, TBA TBA,9 TO 12
30058,/courses/!SWKSCAT.cat?p_action=COURSE&p_term=201430&p_crn=30058,HUMA 201,PUBLIC SPEAKING,"Worth, David S.",11:15AM - 12:45PM MTWRF RZR 304,3
30165,/courses/!SWKSCAT.cat?p_action=COURSE&p_term=201430&p_crn=30165,HUMA 201,PUBLIC SPEAKING,"LaBove, Shannon D.",10:15AM - 11:45AM MTWRF HRG 224,3
30059,/courses/!SWKSCAT.cat?p_action=COURSE&p_term=201430&p_crn=30059,HUMA 308,BUSINESS&PROFESSIONAL SPEAKING,"LaBove, Shannon D.","6:30PM - 9:30PM MW RZR 204
6:30PM - 8:00PM F RZR 204",3
30061,/courses/!SWKSCAT.cat?p_action=COURSE&p_term=201430&p_crn=30061,HUMA 311,RHETORIC OF LEADERSHIP,"LaBove, Shannon D.",6:30PM - 9:00PM MTWRF HUM 227,3
30067,/courses/!SWKSCAT.cat?p_action=COURSE&p_term=201430&p_crn=30067,HUMA 312,FOUNDATIONS OF LEADERSHIP,"Worth, David S.",1:00PM - 3:30PM MTWRF RZR 304,3
30069,/courses/!SWKSCAT.cat?p_action=COURSE&p_term=201430&p_crn=30069,HUMA 312,FOUNDATIONS OF LEADERSHIP,"Worth, David S.",3:45PM - 5:15PM MTWRF RZR 304,3
30063,/courses/!SWKSCAT.cat?p_action=COURSE&p_term=201430&p_crn=30063,HUMA 312,FOUNDATIONS OF LEADERSHIP,"LaBove, Shannon D.",12:30PM - 2:00PM MTWRF RZR 204,3
30103,/courses/!SWKSCAT.cat?p_action=COURSE&p_term=201430&p_crn=30103,KINE 120,FOUNDATIONS OF KINESIOLOGY,"Etnyre, Bruce R.",8:30AM - 10:00AM MTWRF TUD 201,3
30106,/courses/!SWKSCAT.cat?p_action=COURSE&p_term=201430&p_crn=30106,KINE 319,INTRO TO MEASUREMENT AND STATS,"Rodriguez, Augusto X.",1:00PM - 2:50PM MTWR SEW 207,3
30104,/courses/!SWKSCAT.cat?p_action=COURSE&p_term=201430&p_crn=30104,KINE 321,EXERCISE PHYSIOLOGY,"Rodriguez, Augusto X.",10:00AM - 11:50AM MTWR TUD 201,3
30105,/courses/!SWKSCAT.cat?p_action=COURSE&p_term=201430&p_crn=30105,KINE 323,EXERCISE PHYSIOLOGY LABORATORY,"Rodriguez, Augusto X.",8:45AM - 9:55AM TR TUD 201,1
30068,/courses/!SWKSCAT.cat?p_action=COURSE&p_term=201430&p_crn=30068,LEAD 301,FOUNDATIONS OF LEADERSHIP,"Worth, David S.",1:00PM - 3:30PM MTWRF RZR 304,3
30070,/courses/!SWKSCAT.cat?p_action=COURSE&p_term=201430&p_crn=30070,LEAD 301,FOUNDATIONS OF LEADERSHIP,"Worth, David S.",3:45PM - 5:15PM MTWRF RZR 304,3
30064,/courses/!SWKSCAT.cat?p_action=COURSE&p_term=201430&p_crn=30064,LEAD 301,FOUNDATIONS OF LEADERSHIP,"LaBove, Shannon D.",12:30PM - 2:00PM MTWRF RZR 204,3
30062,/courses/!SWKSCAT.cat?p_action=COURSE&p_term=201430&p_crn=30062,LEAD 320,RHETORIC OF LEADERSHIP,"LaBove, Shannon D.",6:30PM - 9:00PM MTWRF HUM 227,3
30015,/courses/!SWKSCAT.cat?p_action=COURSE&p_term=201430&p_crn=30015,LING 581,GRADUATE RESEARCH,, TBA TBA,1 TO 12
30016,/courses/!SWKSCAT.cat?p_action=COURSE&p_term=201430&p_crn=30016,LING 800,DISSERTATION RESEARCH,, TBA TBA,1 TO 12
30132,/courses/!SWKSCAT.cat?p_action=COURSE&p_term=201430&p_crn=30132,LPAP 113,MENTAL TRAINING,"Slator, Elizabeth A.",1:00PM - 2:10PM TR TBA TBA,1
30117,/courses/!SWKSCAT.cat?p_action=COURSE&p_term=201430&p_crn=30117,MATH 101,SINGLE VARIABLE CALCULUS I,"Allums, Derek",10:30AM - 12:00PM MTWRF GRB W212,3
30122,/courses/!SWKSCAT.cat?p_action=COURSE&p_term=201430&p_crn=30122,MATH 101,SINGLE VARIABLE CALCULUS I,"Bosman, Anthony",10:30AM - 12:00PM MTWRF HBH 423,3
30118,/courses/!SWKSCAT.cat?p_action=COURSE&p_term=201430&p_crn=30118,MATH 102,SINGLE VARIABLE CALCULUS II,"Bucaj, Valmir",10:30AM - 12:00PM MTWRF GRB W211,3
30123,/courses/!SWKSCAT.cat?p_action=COURSE&p_term=201430&p_crn=30123,MATH 102,SINGLE VARIABLE CALCULUS II,"Kozin, Nikita",10:30AM - 12:00PM MTWRF HBH 453,3
30119,/courses/!SWKSCAT.cat?p_action=COURSE&p_term=201430&p_crn=30119,MATH 211,ORD DIFFERENTIAL EQUATIONS,"Orcan Ekmekci, Betul",10:30AM - 12:00PM MTWRF HBH 453,3
30124,/courses/!SWKSCAT.cat?p_action=COURSE&p_term=201430&p_crn=30124,MATH 211,ORD DIFFERENTIAL EQUATIONS,"Acosta, Jorge A.",10:30AM - 12:00PM MTWRF RZR 204,3
30120,/courses/!SWKSCAT.cat?p_action=COURSE&p_term=201430&p_crn=30120,MATH 212,MULTIVARIABLE CALCULUS,"Funk, Quentin A.",10:30AM - 12:00PM MTWRF SST 106,3
30125,/courses/!SWKSCAT.cat?p_action=COURSE&p_term=201430&p_crn=30125,MATH 212,MULTIVARIABLE CALCULUS,"Kuzbary, Miriam",10:30AM - 12:00PM MTWRF SEW 560,3
30121,/courses/!SWKSCAT.cat?p_action=COURSE&p_term=201430&p_crn=30121,MATH 355,LINEAR ALGEBRA,"Park, Junghwan",10:30AM - 12:00PM MTWRF AEL B209,3
30126,/courses/!SWKSCAT.cat?p_action=COURSE&p_term=201430&p_crn=30126,MATH 355,LINEAR ALGEBRA,"Vance, Katherine R.",10:30AM - 12:00PM MTWRF SEW 462,3
30017,/courses/!SWKSCAT.cat?p_action=COURSE&p_term=201430&p_crn=30017,MATH 690,SUPERVISED READING,"Hassett, Brendan E.", TBA TBA,1 TO 6
30018,/courses/!SWKSCAT.cat?p_action=COURSE&p_term=201430&p_crn=30018,MATH 800,GRADUATE THESIS AND RESEARCH,"Hassett, Brendan E.", TBA TBA,1 TO 15
30224,/courses/!SWKSCAT.cat?p_action=COURSE&p_term=201430&p_crn=30224,MECH 777,VISITING RESEARCH TRAINEE,"O'Malley, Marcia K.", TBA TBA,0
30157,/courses/!SWKSCAT.cat?p_action=COURSE&p_term=201430&p_crn=30157,MECH 800,RESEARCH AND THESIS,, TBA TBA,1 TO 12
30232,/courses/!SWKSCAT.cat?p_action=COURSE&p_term=201430&p_crn=30232,MGMP 700,EDUCATION ENTREPRENEURSHIP,"Kehoe, Kim", TBA TBA,3
30166,/courses/!SWKSCAT.cat?p_action=COURSE&p_term=201430&p_crn=30166,MGMT 697,STRATEGIC MGMT HEALTHCARE,"Pazgal, Amit I.", MCN 212,2
30176,/courses/!SWKSCAT.cat?p_action=COURSE&p_term=201430&p_crn=30176,MGMT 699,STRAT. CAPITAL INV. HEALTHCARE,, MCN 318,1
30177,/courses/!SWKSCAT.cat?p_action=COURSE&p_term=201430&p_crn=30177,MGMT 703,FIELD STUDY - AMERICAN BUS I,"Grace, Jeremy M.", TBA TBA,0
30071,/courses/!SWKSCAT.cat?p_action=COURSE&p_term=201430&p_crn=30071,MUSI 117,FUNDAMENTALS OF MUSIC I,"Knaggs, Daniel J.",9:00AM - 11:30AM MTWRF APB 1131,3
30233,/courses/!SWKSCAT.cat?p_action=COURSE&p_term=201430&p_crn=30233,NEUR 485,NEUROSCIENCE RESEARCH,, TBA TBA,1 TO 3
30215,/courses/!SWKSCAT.cat?p_action=COURSE&p_term=201430&p_crn=30215,NSCI 491,EMS RESEARCH COURSE,"Basgall, Lisa M.", TBA TBA,3
30216,/courses/!SWKSCAT.cat?p_action=COURSE&p_term=201430&p_crn=30216,NSCI 492,EMS RESEARCH COURSE,"Basgall, Lisa M.", TBA TBA,3
30231,/courses/!SWKSCAT.cat?p_action=COURSE&p_term=201430&p_crn=30231,NSCI 510,PROFESSIONAL MS INTERNSHIP,, TBA TBA,12
30205,/courses/!SWKSCAT.cat?p_action=COURSE&p_term=201430&p_crn=30205,NSCI 580,CONTEMP TOPICS IN ELEM MATH,"Papakonstantinou, Anne", TBA TBA,1 TO 6
30206,/courses/!SWKSCAT.cat?p_action=COURSE&p_term=201430&p_crn=30206,NSCI 585,CONTEMP TOPICS IN MDL SCH MATH,"Papakonstantinou, Anne", TBA TBA,1 TO 6
30204,/courses/!SWKSCAT.cat?p_action=COURSE&p_term=201430&p_crn=30204,NSCI 590,CONTEMP TOPICS HIGH SCHL MATH,"Papakonstantinou, Anne", TBA TBA,1 TO 6
30073,/courses/!SWKSCAT.cat?p_action=COURSE&p_term=201430&p_crn=30073,PHIL 100,PROBLEMS OF PHILOSOPHY,"Adams, Joseph",1:00PM - 2:50PM MTWR HUM 227,3
30075,/courses/!SWKSCAT.cat?p_action=COURSE&p_term=201430&p_crn=30075,PHIL 101,CONTEMPORARY MORAL ISSUES,"Hupfer, Elizabeth C.",10:00AM - 11:50AM MTWR HUM 227,3
30074,/courses/!SWKSCAT.cat?p_action=COURSE&p_term=201430&p_crn=30074,PHIL 101,CONTEMPORARY MORAL ISSUES,"Vaughan, Kerry L.",9:00AM - 10:45AM MTWR HUM 226,3
30076,/courses/!SWKSCAT.cat?p_action=COURSE&p_term=201430&p_crn=30076,PHIL 106,LOGIC,"Barkasi, Michael T.",10:00AM - 11:45AM MTWR HUM 227,3
30019,/courses/!SWKSCAT.cat?p_action=COURSE&p_term=201430&p_crn=30019,PHIL 599,ADVANCED INDEPENDENT READING,"Grandy, Richard E.", TBA TBA,1 TO 6
30020,/courses/!SWKSCAT.cat?p_action=COURSE&p_term=201430&p_crn=30020,PHIL 800,RESEARCH AND THESIS,"Grandy, Richard E.", TBA TBA,1 TO 15
30109,/courses/!SWKSCAT.cat?p_action=COURSE&p_term=201430&p_crn=30109,PHYS 125,GENERAL PHYSICS (WITH LAB),"Yu, Lam H.","10:00AM - 11:40AM MTWRF MEB 128
1:00PM - 4:00PM WF HRZ 218",4
30110,/courses/!SWKSCAT.cat?p_action=COURSE&p_term=201430&p_crn=30110,PHYS 126,GENERAL PHYSICS II (WITH LAB),"Yu, Lam H.","10:00AM - 11:40AM MTWRF MEB 128
1:00PM - 4:00PM WF HRZ 218",4
30218,/courses/!SWKSCAT.cat?p_action=COURSE&p_term=201430&p_crn=30218,PHYS 700,TEACHING PRACTICUM,, TBA TBA,3
30021,/courses/!SWKSCAT.cat?p_action=COURSE&p_term=201430&p_crn=30021,PHYS 777,VISITING RESEARCH TRAINEE,, TBA TBA,0
30022,/courses/!SWKSCAT.cat?p_action=COURSE&p_term=201430&p_crn=30022,PHYS 800,GRADUATE RESEARCH,, TBA TBA,1 TO 15
30023,/courses/!SWKSCAT.cat?p_action=COURSE&p_term=201430&p_crn=30023,POLI 600,MA RESEARCH AND THESIS,"Martin, Lanny W.", TBA TBA,1 TO 15
30024,/courses/!SWKSCAT.cat?p_action=COURSE&p_term=201430&p_crn=30024,POLI 800,PH.D. RESEARCH AND THESIS,"Martin, Lanny W.", TBA TBA,1 TO 15
30079,/courses/!SWKSCAT.cat?p_action=COURSE&p_term=201430&p_crn=30079,PSYC 101,INTRODUCTION TO PSYCHOLOGY,"Randall, Jason",9:30AM - 12:00PM MTWRF SEW 560,3
30078,/courses/!SWKSCAT.cat?p_action=COURSE&p_term=201430&p_crn=30078,PSYC 101,INTRODUCTION TO PSYCHOLOGY,"Dial, Heather R.; Rivas, Alda G.",2:00PM - 4:30PM MWF HRZ 211,3
30081,/courses/!SWKSCAT.cat?p_action=COURSE&p_term=201430&p_crn=30081,PSYC 202,INTRO TO SOCIAL PSYCHOLOGY,"Zimmer, Christina U.",1:00PM - 3:30PM MTWRF HRZ 211,3
30083,/courses/!SWKSCAT.cat?p_action=COURSE&p_term=201430&p_crn=30083,PSYC 231,INDUS & ORGANIZATIONAL PSYC,"McAbee, Samuel T.",9:00AM - 11:30AM MWF SEW 460,3
30167,/courses/!SWKSCAT.cat?p_action=COURSE&p_term=201430&p_crn=30167,PSYC 485,UG SUPERVISED RESEARCH,, TBA TBA,1 TO 6
30168,/courses/!SWKSCAT.cat?p_action=COURSE&p_term=201430&p_crn=30168,PSYC 495,SUMMER INTERNSHIP,, TBA TBA,3
30025,/courses/!SWKSCAT.cat?p_action=COURSE&p_term=201430&p_crn=30025,PSYC 563,COGNITIVE PSYC INTERNSHIP,"Lane, David M.", TBA TBA,1 TO 9
30026,/courses/!SWKSCAT.cat?p_action=COURSE&p_term=201430&p_crn=30026,PSYC 573,NON-THESIS GRADUATE RESEARCH,"Lane, David M.", TBA TBA,1 TO 6
30027,/courses/!SWKSCAT.cat?p_action=COURSE&p_term=201430&p_crn=30027,PSYC 639,I/O PSYCHOLOGY INTERNSHIP,"Lane, David M.", TBA TBA,1 TO 9
30028,/courses/!SWKSCAT.cat?p_action=COURSE&p_term=201430&p_crn=30028,PSYC 649,HF/HCI PSYC INTERNSHIP,"Lane, David M.", TBA TBA,1 TO 9
30029,/courses/!SWKSCAT.cat?p_action=COURSE&p_term=201430&p_crn=30029,PSYC 700,THESIS RESEARCH,"Lane, David M.", TBA TBA,1 TO 15
30030,/courses/!SWKSCAT.cat?p_action=COURSE&p_term=201430&p_crn=30030,PSYC 800,DISSERTATION RESEARCH,"Lane, David M.", TBA TBA,1 TO 15
30085,/courses/!SWKSCAT.cat?p_action=COURSE&p_term=201430&p_crn=30085,RELI 101,INTRO TO THE STUDY OF RELIGION,"Kripal, Jeffrey J.",1:00PM - 4:15PM MTWR HUM 226,3
30031,/courses/!SWKSCAT.cat?p_action=COURSE&p_term=201430&p_crn=30031,RELI 700,GRADUATE RESEARCH,"DeConick, April D.", TBA TBA,1 TO 12
30032,/courses/!SWKSCAT.cat?p_action=COURSE&p_term=201430&p_crn=30032,RELI 800,RESEARCH AND THESIS,"DeConick, April D.", TBA TBA,9
30087,/courses/!SWKSCAT.cat?p_action=COURSE&p_term=201430&p_crn=30087,SMGT 260,INTRO TO SPORT MANAGEMENT,"Sosa, Jason P.","7:00PM - 9:59PM MW HRZ 211
7:00PM - 9:30PM F HRZ 211",3
30088,/courses/!SWKSCAT.cat?p_action=COURSE&p_term=201430&p_crn=30088,SMGT 276,SPORT MANAGEMENT PRACTICUM,"Stallings, Tom",7:00PM - 9:15PM MTWR RZR 121,3
30089,/courses/!SWKSCAT.cat?p_action=COURSE&p_term=201430&p_crn=30089,SMGT 350,SPORT ETHICS,"Haptonstall, Clark D.",1:00PM - 4:00PM MWF HNZ 201,3
30092,/courses/!SWKSCAT.cat?p_action=COURSE&p_term=201430&p_crn=30092,SMGT 362,SPORT MARKETING,"Haptonstall, Clark D.", TBA TBA,3
30093,/courses/!SWKSCAT.cat?p_action=COURSE&p_term=201430&p_crn=30093,SMGT 364,SPORT LAW,"Sosa, Jason P.","1:00PM - 4:00PM TR HUM 226
7:00PM - 9:30PM F HUM 226",3
30196,/courses/!SWKSCAT.cat?p_action=COURSE&p_term=201430&p_crn=30196,SMGT 379,SPORT MANAGEMENT INTERNSHIP 4,"Stallings, Tom", TBA TBA,3 TO 6
30094,/courses/!SWKSCAT.cat?p_action=COURSE&p_term=201430&p_crn=30094,SMGT 415,THEORIES-HIGH LVL PERFORMANCE,"Disch, James G.",1:00PM - 2:50PM MTWR TUD 201,3
30127,/courses/!SWKSCAT.cat?p_action=COURSE&p_term=201430&p_crn=30127,SOCI 345,MEDICAL SOCIOLOGY,"Kimbro, Rachel T.",1:00PM - 4:15PM MTWR SEW 562,3
30209,/courses/!SWKSCAT.cat?p_action=COURSE&p_term=201430&p_crn=30209,SOCI 500,SUMMER RESEARCH,"Kimbro, Rachel T.", TBA TBA,1 TO 15
30227,/courses/!SWKSCAT.cat?p_action=COURSE&p_term=201430&p_crn=30227,SSPB 800,GRADUATE RESEARCH,, TBA TBA,1 TO 15
30180,/courses/!SWKSCAT.cat?p_action=COURSE&p_term=201430&p_crn=30180,STAT 280,ELEMENTARY APPLIED STATISTICS,"Wang, Lu","1:30PM - 5:05PM MWF DCH 1070
1:30PM - 3:00PM TR DCH 1070
3:05PM - 4:35PM TR DCH 1070",4
30179,/courses/!SWKSCAT.cat?p_action=COURSE&p_term=201430&p_crn=30179,STAT 310,PROBABILITY & STATISTICS,"Vankov, Emilian R.",10:00AM - 12:30PM MTWRF KCK 107,3
30194,/courses/!SWKSCAT.cat?p_action=COURSE&p_term=201430&p_crn=30194,STAT 590,INDEPENDENT STUDY,, TBA TBA,1 TO 15
30195,/courses/!SWKSCAT.cat?p_action=COURSE&p_term=201430&p_crn=30195,STAT 800,THESIS,, TBA TBA,1 TO 15
30169,/courses/!SWKSCAT.cat?p_action=COURSE&p_term=201430&p_crn=30169,UNIV 601,ORAL COMMUNICATION SKILLS,"Belik, Katerina",10:00AM - 12:00PM MTWR BKH 283,2
